[ Confusion Matrix ]

[[7 0 0 0 0 0 0 0]
 [0 9 0 0 0 0 0 0]
 [0 0 6 0 0 0 0 0]
 [0 0 0 4 0 0 0 0]
 [0 0 0 0 3 0 0 0]
 [0 0 0 0 0 7 0 0]
 [0 0 0 0 0 0 3 0]
 [0 0 0 0 0 0 0 1]]



                 ---===[ F1 Score Report ]===---   
             precision    recall  f1-score   support

          0       1.00      1.00      1.00         7
          1       1.00      1.00      1.00         9
          2       1.00      1.00      1.00         6
          3       1.00      1.00      1.00         4
          4       1.00      1.00      1.00         3
          5       1.00      1.00      1.00         7
          6       1.00      1.00      1.00         3
          7       1.00      1.00      1.00         1

avg / total       1.00      1.00      1.00        40